6206506
6211664
6211871
6212709
6214668
6215392
6215448
6215694
6215849
6215972
6216131
6216775
6217030
6217123
6217271
6217339
6217360
6217815
6218081
6218284
6218412
6218456
6218815
6207780
6211563
6213659
6215319
6216545
6216567
6217067
6217222
6217896
6218215
6252089
6213745
6214728
6216383
6216878
6217083
6217242
6217700
6217759
6217911
6218178
6252836
6200370
6211466
6211753
6213032
6214314
6217215
6218512
6218795
6252772
6208350
6209306
6209471
6213810
6214339
6214493
6216198
6217451
6217783
6218156
6218730
6218732
6252534
6206647
6208267
6215369
6217440
6217868
6218054
6218393
6218406
6218674
6251896
6201051
6209787
6210264
6212876
6212901
6214116
6214128
6214588
6214954
6215871
6216192
6216555
6216595
6217574
6217593
6217949
6217957
6217958
6217981
6217996
6218000
6218418
6218445
6218458
6218713
6252208
6252730
6209226
6212598
6213361
6213838
6213956
6214879
6215385
6215500
6215668
6215731
6215792
6216356
6216474
6216477
6216537
6216714
6216803
6217579
6217807
6217900
6217902
6217924
6218056
6218228
6218253
6218429
6218661
6206242
6206273
6206763
6209566
6209697
6210555
6211274
6212490
6212650
6213005
6214066
6214120
6214173
6214309
6214397
6214870
6215352
6215476
6215552
6207503
6209938
6211226
6214176
6214482
6215665
6215872
6215987
6217073
6217318
6217321
6217395
6217994
6218024
6218182
6218241
6218532
6218571
6218731
6252226
6252499
6252502
6252532
6252790
6217209
6216184
6216210
6216635
6216648
6216786
6216802
6216869
6217676
6217764
6217782
6217802
6217833
6217872
6218028
6218183
6218319
6218368
6218387
6218426
6218570
6218685
6252713
6252798
6200234
6200241
6201217
6208199
6208665
6208925
6209481
6209576
6210497
6213208
6213438
6213630
6213958
6214370
6214379
6215533
6215675
6215711
6215823
6216668
6216673
6216846
6217264
6217563
6217830
6217925
6218264
6218301
6218322
6218353
6218448
6252670
6200422
6201243
6206629
6206630
6206896
6207393
6209024
6210362
6212758
6212799
6212995
6213448
6214154
6215974
6216022
6216817
6216915
6217065
6217514
6217652
6217757
6218032
6218078
6252567
6207419
6208438
6211548
6213909
6214007
6215121
6215622
6215647
6216659
6216698
6217237
6217805
6217841
6218165
6218612
6218630
6218710
6218801
6250868
6250869
6252481
6212559
6212667
6215165
6215440
6215464
6215513
6216219
6216336
6216763
6216961
6217076
6217417
6217817
6217832
6217947
6218002
6218012
6218290
6218299
6218380
6218491
6218903
6252816
6209894
6210240
6212246
6213410
6213589
6213641
6214281
6214691
6215139
6215169
6215740
6215819
6216261
6216541
6216694
6216761
6216964
6217078
6217167
6217261
6217839
6218150
6218327
6218581
6218902
6252315
6200121
6200317
6207174
6208650
6212759
6212925
6213372
6214169
6214729
6214748
6215072
6215487
6216093
6216345
6216940
6217166
6217632
6217740
6217749
6217774
6217840
6218430
6218717
6218900
6206118
6206698
6209036
6212123
6212124
6213612
6214828
6215008
6215123
6215831
6216113
6216540
6216834
6217062
6217219
6217425
6217492
6218050
6218474
6218478
6218490
6218553
6213719
6200213
6205269
6208597
6209007
6213086
6213338
6213860
6213977
6214001
6214048
6214502
6214859
6214887
6215166
6215737
6216106
6216340
6217023
6217059
6217282
6217348
6217434
6217638
6218004
6218176
6218204
6218260
6218652
6216020
6252885
6205268
6209373
6213187
6214189
6214191
6214198
6214204
6214217
6214219
6214262
6214367
6216005
6216407
6216697
6216799
6216932
6217046
6217146
6217330
6217719
6217723
6217724
6217727
6217770
6217793
6218026
6218265
6214465
6252797
6252810
6206752
6212397
6213084
6213894
6214033
6214034
6215428
6215517
6215700
6216061
6216719
6216995
6217439
6217452
6217704
6217713
6218280
6218403
6218404
