13624053
10865634
13526219
13459902
10962506
13619078
13630953
10936237
13489144
10901635
10915035
13555633
10903720
13504809
13620502
10897247
10907986
10922376
13541021
10938298
13641521
13585571
10879014
13506975
10935666
13510568
13511089
10876131
13642370
10880666
10902894
10908606
10899496
10916556
8996337
13480042
13486590
10910609
13523023
13527090
13575222
10918937
13565613
13651192
10903996
10875277
13601797
10914619
10942857
13579593
10912366
13497464
10871441
13541782
13547012
10870688
13561963
13646518
10883369
13604471
10926260
10925753
13456801
13457848
13515713
13515714
13516446
13573837
13574557
13460721
10877810
13463576
10918938
13491729
10931504
13560154
13560512
10930715
13555685
10877513
10880507
13458221
10942101
10875323
13567451
10931174
10924399
10872711
10884340
10928144
13513299
10848051
10882933
10933101
10876004
10892227
13460535
10898428
10935813
13486083
13486819
10878406
10900750
10926945
13571693
13572013
13466653
10924504
10935198
10926893
13523747
13607756
10876265
13563065
13493217
13468782
10919577
13488372
10921439
13485931
13533422
10936091
13472562
13481028
13483317
13604765
10908652
13540781
13638542
13565841
13480307
13566447
10910258
13604312
13604738
10907524
13558041
10922406
13578593
10878682
13478689
10922140
13538286
13480171
10872998
13598851
13600799
10891875
10881096
13501721
10898761
13514416
10916703
13569443
13544240
10882640
13552509
13555031
10935723
10882540
10982751
10920009
13568311
10917655
13530445
10903413
13526798
13600552
8617121
10949986
10883130
13467143
10870077
13470368
10901848
13568127
10895830
10898512
10888079
10917648
13562717
10942397
10886984
13627794
13592188
10926963
13551741
10917198
13572653
13612464
13572728
10877671
10843741
10927145
13652630
10870255
10962615
13471828
10883551
13477489
10940025
10923879
13607177
13607802
13469935
10982374
13492752
10917637
13527724
13540550
13652231
10908077
13511108
10934167
13455944
13623064
10870869
13596510
10926300
10912994
13524214
10888155
10899315
10925859
13527520
13540492
13555189
13465148
10931124
10882329
10852186
13575088
10896842
10937442
13479279
10930667
10923605
13478390
10924732
13561718
10881208
10930530
13662417
10896778
10892831
10935632
13560336
10924248
10930529
10882600
13526754
10871378
10889621
13533002
13534619
10919833
13550537
10942498
10890033
10889343
13501483
10926876
13589035
10922281
13654619
10925855
10921652
13571029
10905444
13534444
10945040
13484936
10865744
10905518
13572632
13498997
10878244
10940696
13479018
13479505
10900432
13535762
10896223
13470109
13638009
10915275
10889230
13563266
10928054
13556625
10897281
13491990
13622219
10936247
13577130
10925809
13529722
13491682
10928105
13526642
10905147
13539234
10870379
10872916
13499455
13507667
10926559
13631942
10894441
10940383
10945574
10880595
13582630
10882099
10927987
13536881
13537644
13537845
10882541
13569567
10889942
13551471
13551978
10919998
10884518
13474441
10910462
13495835
10921731
10909768
10898699
10875527
10778666
10928771
13633843
13635808
10886859
13542215
10936030
13531073
13662366
10896174
10912174
13577158
13578272
13600487
13604470
10883594
10912996
13572754
10955138
13605273
10959181
13526714
10910109
13604482
10939663
10931604
13489998
10918948
13538051
10890459
10900683
13488849
10873697
10933227
10933391
13567143
10931256
10930484
10885887
13514523
10917214
10896666
10916887
10887976
13529880
10872696
13549371
10920085
10933059
10907390
10890087
13599929
10925923
10939974
10912233
13579470
13579558
10901551
10903223
13560645
10880794
13537199
10914630
10932768
13493079
10896426
10926117
10830377
10872649
13507120
10873767
13580762
10928660
10890041
13604811
13639822
10910447
13556848
13587895
13647346
13652595
10873291
10935156
13529608
10910249
10929392
10910452
10935544
10935982
13547289
13548002
13560511
13472995
10936118
13570409
10873104
10930441
10933023
13650047
13653575
10879936
10912330
13518431
10880884
10887759
10880805
13571571
13583991
10933899
10885470
10892148
10901091
13521911
13646184
10917641
10873848
13533603
13506250
13555674
10906103
10873947
10908578
13520390
10901833
13571574
10836546
10912222
10924371
13520377
13521694
13520757
10896719
13617451
13467193
13538040
13462576
10886848
13528017
13548951
10951807
10904313
13533715
13559393
13667030
13668393
10908682
10885419
10878502
13491841
10929367
13512247
10880803
10926577
13474491
13460129
13483220
13517334
13457791
13618120
10955184
13520782
10876606
10882711
13489228
13522165
13528312
10934156
13551804
13580826
13578779
10932965
10914605
13551271
13658766
10912773
10907983
10982652
13459104
13637484
10936097
10905995
10877714
13601805
10860662
10915564
10938053
10898511
10919992
10934999
13596630
10862734
10884521
10940269
13582689
13491432
13565173
10894171
13533479
10905071
10906096
10875404
13588602
13588825
13624228
13624313
10937599
10920256
13471214
13530558
10887153
10926457
10933358
10892415
10928293
13540808
10921400
10874282
13533716
13533401
13624045
10898212
10922662
13554097
10880466
10894561
13487558
13561195
13561519
10936002
10926476
10882552
10931203
13465183
10910834
13624423
10923626
10884917
10857898
10932820
10913116
13572434
10926196
13603925
13604047
13664200
10914862
10877752
10876563
10903850
13557888
13654593
10899162
13600754
10873682
13462216
10932684
10904099
10884852
13532011
10916578
13569730
10938142
10912163
10941926
13479016
13479294
13572352
10913153
13513539
13592103
10875730
13604581
10900599
13545792
10906318
13529022
13533025
10874204
10916717
13617313
10892312
10913248
10880393
13509856
10876112
13616580
10930750
10896945
13607692
10895893
10871542
10933841
13514560
10909623
10923722
10938459
13615676
10937294
13575298
10894778
13462595
13543697
13547629
13637787
10925875
13533403
10890451
13579844
10912064
13603929
10940829
13561767
10877935
10882568
13565194
10871015
10942883
13460213
13460630
13623285
10885391
13565594
10905253
13568595
13589364
10886967
13550559
10936125
13610798
13611398
10962395
13454047
13611551
13459652
13557470
10873010
10875154
13568487
10922554
13538308
10919165
10930995
13556761
13544624
10929138
13588704
13596170
10903788
10887329
13561690
13494466
13577489
10908325
13543787
10938023
13602150
10931171
10942750
13614367
10873558
13550710
10894850
13654884
13457113
10929198
13648512
13649030
13649362
13516455
13622541
10896570
10931698
13581749
13458531
13556791
10931259
10893657
13487217
10877641
13571581
10937618
13558794
10917930
13661361
10914784
10944462
13550716
13454157
10938036
10931323
10940130
10903280
13590468
13594094
10937361
13529588
10914906
10902840
13539232
10937996
13454045
10875317
13603765
13654914
10896237
10916803
10906135
10906020
13596547
10894331
10907612
10934007
13568286
10982508
10898931
13620518
10924227
13460413
10901726
13459385
10924430
10956816
13537294
10916708
13547567
10932810
13484857
10939548
13479238
13650098
10896388
10920195
13516151
13516271
10921733
13491091
13495257
10906240
13570953
10910445
10886914
13555050
10921261
13566831
10893691
13563179
13645595
10870068
13577470
10926999
13466583
13536686
10887834
10919911
13549103
10943154
13571763
10913337
10915032
10885325
10876026
13468881
10939496
13557954
10879744
13636288
10915165
13555667
10867594
13631666
10891301
10926652
13497661
13491691
13522150
10892400
13515825
13617437
10896216
13604109
10896926
10892525
10940141
13557695
10919106
13538099
13664447
10912949
13569499
10906118
10880763
13517920
13614281
13618989
13621152
10915613
10870589
13522869
13460352
10882795
13631932
10937815
10919896
10917450
10881215
10891743
13491464
13529175
13542123
13560126
13603661
10911941
10934010
10891456
13524966
10892444
10921417
13577168
10915039
10889165
13585004
10901799
13587445
10899610
13484759
13485132
10933247
13512044
13512146
10910531
10884615
13595973
10905760
10875484
10898240
13589771
13636730
10903799
13572561
13572737
13475845
10880580
10932961
10887226
10882089
13494256
10954705
13529811
10884525
13614300
10899413
10914297
13627210
13653871
10867854
10936187
10940079
10917404
13581747
13479230
10882771
13633608
13638812
13639480
10932997
13594283
10908093
13540777
10943216
13486488
10899260
13517043
13572507
10933900
13543395
10903902
13507214
13638703
10901608
10922291
13565857
10938488
13540586
10955152
13586143
13624174
13625153
10939986
10919011
13533075
10870888
13585897
10880579
10940549
13459026
10888091
10919124
13582831
10907841
10946727
13654146
10868956
10892711
10878319
13588702
10911900
10939777
13623035
13624266
13625178
10936215
13510002
13500424
13617544
13555444
10939487
10888938
13499972
13515526
13548884
10924560
13616494
10900613
13585730
13633619
10939645
10917401
13544232
13539310
10891942
10932799
10900453
13590820
10897158
10898832
13542370
10934016
10882343
13488412
10884400
10870491
10937757
13532121
13456575
10938720
13562793
13565519
10937786
13577648
10883297
13627939
10935102
10883517
10914388
13631093
13631773
10883619
13492963
13493459
13484972
10884535
13520594
13551708
10876738
13481236
13652219
10914296
13607022
10887618
13652131
10937965
13597760
10879942
13583136
13488812
10933378
10917306
10887358
10933945
13510717
13512932
10875852
10941741
10897261
13535845
10938580
10885730
13600772
10935447
13547951
10887605
10903370
13548644
13554891
10923549
10910481
10938182
10938026
13597464
13558275
10912360
10883640
13495673
13457442
10962418
10934150
10937441
10931017
13587730
13517917
10943199
13518699
10940189
13470541
10905407
13526691
10928813
13446834
10905042
13491345
10888044
10877452
13613548
13491984
10928941
10931243
13499193
10882764
13526835
13627137
10938742
10931253
10900611
10873983
10928018
10932835
13543705
10877815
13479288
13512040
13620564
10936418
13561809
10924648
13565531
10942215
10902956
10926532
13504833
13455664
10928298
13556883
10928555
13520652
10923516
13521803
10914819
10905043
10903469
10928466
10910700
13592181
10940698
13502906
13437769
10901629
10894269
10923729
10912485
13613514
13613929
13615237
13647381
10883097
13551892
10899140
10942898
13624292
13624390
10896949
10922017
13479456
10882187
10887488
13483077
13547238
13483555
10872939
10891946
10942681
13528234
10902915
13512249
10880077
13550377
10924780
10941759
13568466
10923394
13580658
10934908
10883440
13529124
13624330
10903950
13610632
10908704
13550639
13518361
10902839
13593986
13580699
13463498
10883017
13473107
10889919
13540495
13599756
13604576
13540852
13605216
13606555
10938080
10924359
13591074
10892202
10930800
13572360
10916713
13542232
10889498
13455868
10919340
10889740
13532710
13555169
13556303
13556467
13607344
13607768
13455889
13654913
10912700
13554959
13555689
13483594
10898993
13546202
13647449
10869860
13461668
13524930
10909777
13521766
10874004
13547885
10921932
10894239
13462507
10929013
10879933
13544666
10903782
13536900
10939955
13514422
10845225
10894797
13601751
10924675
10940071
13517068
13624183
13538976
13551245
10873085
10871098
10880543
13516731
13609153
10890202
13486311
10908426
10880768
13569446
10887724
13459612
10938631
13522616
10884999
13484913
10928252
13491651
10873421
10887581
10875187
13472840
13472895
13488164
13544654
13545593
13547016
13596349
13597210
10932719
10903156
13561185
13544925
13608911
10894327
13521561
10888050
10919879
13657839
13506220
10888924
10913259
10889042
13456127
13555326
13556712
13644117
13457800
13582611
10919250
10919968
10901125
10911924
13465166
10896210
10871374
10870571
13597360
10876132
13476497
10912657
13513087
13513444
10894405
13592997
10928416
10926006
10894769
13549334
10875519
10883483
10873904
13586213
13587418
13587644
13588642
13589634
13590786
13629009
10912520
13586079
13594444
10935613
13535712
10901174
10912725
13542080
10876278
13485030
13505073
10924208
10930981
13504883
13521948
10915057
13603547
10890302
13565606
13509315
10888036
13463231
13463849
10890348
13527003
10884611
13588833
13562641
13621114
10870403
13590825
13591722
13592007
13593048
10924347
13598600
13599085
10921744
13588778
13592033
13592893
13629034
10942016
13599879
10933592
13470568
10903931
10919251
13561673
10896436
10874121
10937647
13539129
13539283
10910685
13526913
10913268
10887427
13582561
10871283
10921198
13598781
13600594
10872865
13633729
10932855
13467170
10893952
10947923
10870568
10910930
13512986
10875433
13477727
13486931
13536776
13478423
10919389
13483520
10922602
13538357
10929254
13535666
13490124
10935373
10875240
13508181
13509294
10932639
13536625
10919754
13598743
13600428
10885857
13470468
13667406
10877660
13474272
13569485
13611949
10933774
10873469
13565732
13659665
10888145
13519075
13533151
10952368
13574999
10923950
13599957
13473013
10921395
13506394
10899248
13565181
13570439
10892150
10915183
13495871
13627795
10915611
10937914
10889986
10835123
13470336
13501524
10895934
13472958
10919349
13501526
10906571
13560408
13560766
13649295
13532061
10901110
10884621
10894220
10887381
13602047
10932957
10942662
13529483
13529744
13602233
10866945
10941891
13526379
10908067
13465229
13533124
10879773
13523634
13593932
10897160
10919864
13489071
10900502
13476241
10899457
13656706
13659210
10875267
13576899
13517127
10890171
13517223
13664159
10896934
10900896
10982688
13565573
10894705
13591858
13592023
10874200
13505028
10877762
13495399
10926144
10925717
13491591
10874284
13573879
13574362
10905449
13547979
13636197
13454108
13540358
13544527
10870233
13520568
10924643
13583981
10942697
10887928
13455615
13455973
10920028
13512572
10905601
13474389
10880804
13516920
10928863
13514336
13514531
13531665
10933946
10914856
13518652
10921625
13635159
13501214
10886763
10904131
13494616
13508308
13611775
10804449
10939793
10940931
10903716
10886849
10905506
10893564
10939589
13480019
13529257
10909986
13570825
13662563
10901515
13556446
13556732
10910454
10922182
13462169
13489177
13657472
10956779
13551603
10902758
13631152
13633796
13507961
13509585
10917435
13643691
10933493
13531028
13459307
10910764
10911978
13513015
10942438
13577217
10921462
10891821
10884532
13540965
10933848
13567137
10913393
13518702
10903734
13510733
10912924
13526910
10862767
10870663
10909735
10909668
13624395
13572390
10935687
13493269
10910048
10905358
10900668
10931877
13518715
10914374
10931663
10910437
13528216
10952928
10924741
10912547
13556817
10891753
10929448
13597583
10919266
10920205
10887094
10930811
13464439
13547876
13664439
13580309
13458033
10933559
10911917
10933449
13460332
10937883
10914460
10950030
13504048
13510762
13511825
13512043
13513252
10882189
10926959
10923682
13478411
10889196
13492704
13562910
10917996
10883564
13550448
10902961
13524030
10921327
13560241
10943052
13611781
13458857
10923501
13479236
10899200
10934928
13524015
10889273
10924052
13460066
10899267
13622843
10910276
10928006
13550706
13566640
13603549
13608148
13610055
13610374
13610410
10900529
13579393
10885418
13512540
10918820
13553838
13554889
13628969
10929496
10926684
13495325
13495865
10917511
13540658
10880522
10909713
13472949
10882901
13484985
10921480
10912963
13560471
13642481
10932852
10933200
10880268
10962551
10915734
13621225
13472608
10915152
13546281
13654208
10920004
10905132
10940454
10882805
13486276
10940612
10935262
10883358
13462788
13463156
10898778
13532961
13533481
13657693
13659403
13661123
13662138
10878901
10889797
10912411
13570810
10931756
13500047
10898419
10873195
13557692
10917845
13497022
13497774
10922121
13560541
10899114
10924120
10982522
13460290
13471604
13649604
13666227
10934942
10887621
10878978
13498895
13500027
13634189
10881180
10922246
10901676
10909920
10924768
13571607
13572578
13570533
10860293
10873538
10891390
13540912
13654381
13456005
10921114
10894898
10906494
10940414
10942296
10921521
13497510
10875974
13602112
10876332
13489938
13490279
10901177
10873803
13537186
13644471
10936393
10933961
10886622
10902981
10934180
13570526
13587375
13570851
10849931
13540063
10905467
13556929
10889591
10931160
10935966
10869653
10880195
13526533
13526600
10906132
10903332
13494310
10882295
13472705
10938544
13479503
10905737
13530993
13478333
10880053
13561782
13456595
13474118
13477761
10906215
10870381
13504668
10884453
13462273
13616594
10930346
13470364
13543634
10919507
13459890
10903769
13479835
10880812
10931720
10917437
10882535
13582780
13583071
10877928
10907492
13494447
13458220
10931123
13493130
13524144
10922174
13558125
10903035
10923719
13581636
10931577
13597135
10880492
10863906
10904184
10875227
13488814
10906300
10901411
13549202
13485016
10928495
10886642
10928731
10909849
13462552
10908463
13469080
13537594
10908259
13652613
13653617
10940147
10858651
10882997
13525407
10894916
13511268
13592866
10924295
13581612
10890489
10879914
13556891
10943278
13548904
10889090
10982513
13548997
10878411
13512001
13514438
13514345
13553692
13556617
10910534
10918805
10937961
13572658
13572819
10929262
10877524
13547588
10941856
10885267
10885903
10885163
10876181
13465642
10928344
13526084
10928303
13495817
10873046
13493343
10938686
13455325
10855925
10930916
13487119
13464719
13470332
13577696
13586373
10916968
13495448
13495729
10924370
13549245
10943174
13597164
10882299
13530921
10960957
10870723
10925691
10806790
10881190
10901000
10922641
13636434
10929069
10920158
13528388
10928202
10883140
10930868
10933242
10882732
13546114
10921220
10914181
10870766
13525386
13489085
13624262
10910368
13608771
13609723
13456552
10903312
10894050
13620391
13622023
10898718
10880023
10898119
13518313
10889086
10860736
10897043
13471950
10933021
13585225
10887763
10917780
10875565
13503088
13500611
13526924
10855222
10884659
10942680
13549193
10896948
13581528
10882396
13488877
10931695
10942810
13628024
10892788
10917551
10871583
10936044
13537202
10910292
10906314
13638920
13518614
10892626
13537233
13636501
10931471
10901621
10908406
10926907
13567119
10885103
10948943
10874066
13493412
10885080
10880151
13508156
10905215
10878039
10924493
13574995
13581415
10885110
13458570
10930780
10909779
10921287
13488830
10925791
10921894
13577126
10897326
13551566
10914502
10954648
10898703
13582956
10912037
10903921
10897185
13463802
13528339
10929313
10881147
10905524
13583089
10918985
10930779
13495786
13567130
10929074
10981540
10936054
13470300
13470321
13470644
10896269
10888944
13504032
13478414
10912127
10938681
13549362
10899448
10931522
10864685
10928428
10873426
13564219
10953475
10911156
13529882
13658562
10933566
13522524
10927146
13516513
13517327
10887182
13494403
10917254
10939781
10940426
10882986
10930360
10883654
10875442
10934904
13462847
13463362
13566908
10951193
13616672
10919333
13468785
10935760
10928097
10900923
13481168
10891773
13630413
10901444
10915540
13471693
10892192
10860198
10932876
10920098
13501161
13581427
10921891
13520696
10896339
10923539
13569254
13596191
13546092
10889466
13565626
13493240
13588368
13634154
13563148
10923609
13606546
10903722
10878750
10885234
13529747
10894995
10912991
10945068
10937443
10880248
10905709
13594220
10951823
10948999
13457963
13458358
10889467
10921142
13518323
13638549
10924160
10908556
10941801
13578516
10957804
10912917
13594371
13563400
13593101
10900808
13594248
13659434
10892260
13472856
13646105
10894560
13565755
10882737
13546137
10903649
10885912
10899573
10935996
10923827
10940213
13617642
10875986
13517286
10875952
13465660
13466955
13467068
13622029
10940322
10892416
10903704
10905108
10947398
10893872
13550045
10906153
10931143
13575308
10891260
10835545
10914716
13468456
13468800
10891259
13471705
10917832
13474768
13471800
10878085
13633777
10877708
13535653
10921951
10869061
13591823
10880948
13585689
10904124
13557801
13558210
13642644
10894278
10919125
13556952
10910350
13519114
10880206
10870534
13480400
10898930
10881098
13486979
13486452
13486150
13566790
13480507
13571034
13539779
13607502
13635239
13659687
13642716
13595426
10930000
13584994
13590669
13591679
10872073
10939246
10932432
10874836
13659957
10854136
13479964
10906781
10883773
10906699
10874489
13580636
13640405
10911198
10904358
13462347
10899793
10879210
10888335
13529518
10932106
10879135
10927191
10881967
13459316
10932122
13512275
10936530
13531920
13535527
10915872
10881456
10897591
10936755
13588605
10918178
10938767
13578695
10934283
13525230
10869791
13464946
13505041
13507756
10881627
